[[8, 1], [6, 3], [8, 2], [9, 4]]
[4, 2, 3, 3]
[[8, 1], [6, 5], [6, 2], [8, 4]]
[4, 3, 2, 4]
[[8, 1], [5, 4], [7, 3], [8, 4]]
[4, 2, 0, 4]
[[8, 1], [6, 5], [7, 1], [8, 4]]
[2, 3, 4, 4]
[[8, 3], [5, 6], [7, 1], [8, 4]]
[1, 0, 4, 4]
[[9, 3], [6, 5], [7, 1], [8, 4]]
[0, 3, 4, 4]
[[9, 1], [5, 6], [7, 1], [8, 4]]
[0, 0, 4, 4]
[[9, 0], [4, 5], [7, 1], [8, 4]]
[3, 1, 4, 4]
[[8, 0], [5, 4], [7, 1], [8, 4]]
[0, 4, 2, 4]
[[8, 0], [5, 4], [7, 2], [8, 4]]
[3, 2, 0, 4]
[[7, 1], [5, 6], [7, 0], [8, 4]]
[2, 0, 1, 4]
[[7, 3], [5, 4], [8, 0], [8, 4]]
[0, 2, 3, 4]
[[7, 1], [5, 5], [7, 1], [8, 4]]
