[[4, 0], [3, 3], [2, 1], [1, 3]]
[3, 1, 0, 4]
[[3, 1], [4, 4], [2, 0], [1, 3]]
[2, 1, 0, 1]
[[3, 3], [5, 3], [2, 0], [2, 4]]
[0, 2, 1, 4]
[[3, 2], [5, 5], [3, 1], [2, 4]]
[2, 4, 4, 4]
[[3, 3], [5, 5], [3, 1], [2, 4]]
[1, 4, 4, 4]
[[4, 4], [5, 5], [3, 1], [2, 4]]
[0, 4, 4, 4]
[[4, 3], [5, 5], [3, 1], [2, 4]]
[2, 4, 4, 4]
[[4, 4], [5, 5], [3, 1], [2, 4]]
[0, 4, 4, 4]
[[5, 3], [5, 5], [3, 1], [2, 4]]
[1, 4, 4, 0]
[[6, 2], [5, 5], [3, 1], [2, 2]]
[1, 4, 4, 2]
[[7, 3], [5, 5], [3, 1], [2, 3]]
[0, 4, 4, 4]
[[7, 1], [5, 5], [3, 1], [2, 3]]
[4, 4, 4, 4]
[[7, 1], [5, 5], [3, 1], [2, 3]]
